##FastQC	0.10.1
>>Basic Statistics	pass
#Measure	Value	
Filename	Ot729_index7_Exome_Sergio.Pena_RDNP_07262011-reads2-110716_I123_FCC043NABXX_L2_index7_2.fastq	
File type	Conventional base calls	
Encoding	Illumina 1.5	
Total Sequences	35701713	
Filtered Sequences	0	
Sequence length	90	
%GC	44	
>>END_MODULE
>>Per base sequence quality	pass
#Base	Mean	Median	Lower Quartile	Upper Quartile	10th Percentile	90th Percentile
1	37.20043735716547	39.0	38.0	39.0	35.0	39.0
2	37.154809658572965	39.0	37.0	39.0	34.0	39.0
3	37.083049824528025	39.0	37.0	39.0	33.0	39.0
4	37.05011966792742	39.0	37.0	39.0	34.0	39.0
5	37.05125093017246	39.0	37.0	39.0	34.0	39.0
6	37.09542690570618	39.0	37.0	39.0	34.0	39.0
7	37.015538554130444	39.0	37.0	39.0	33.0	39.0
8	37.013739844920046	39.0	37.0	39.0	33.0	39.0
9	36.97595123797001	39.0	37.0	39.0	33.0	39.0
10-14	36.94467425694672	39.0	37.0	39.0	33.0	39.0
15-19	36.74588032232515	39.0	37.0	39.0	33.0	39.0
20-24	36.444820252742495	39.0	36.4	39.0	32.2	39.0
25-29	36.05933369079518	38.8	36.0	39.0	31.0	39.0
30-34	35.681924388333975	38.0	36.0	39.0	30.0	39.0
35-39	35.49836303372894	38.0	35.4	39.0	29.4	39.0
40-44	35.395777048569066	38.2	35.4	39.0	29.4	39.0
45-49	34.716786228156614	37.2	34.6	39.0	27.6	39.0
50-54	34.49361339608551	37.8	34.8	39.0	26.6	39.0
55-59	34.82427316582821	38.2	35.4	39.0	27.2	39.0
60-64	34.53355690803968	38.0	35.0	39.0	26.4	39.0
65-69	34.00733578806148	38.0	34.6	39.0	23.8	39.0
70-74	33.342155918400884	37.6	33.6	39.0	21.0	39.0
75-79	32.45548406598866	37.0	32.6	39.0	12.0	39.0
80-84	31.45161614514127	36.6	31.4	39.0	2.0	39.0
85-89	30.123475408588938	36.0	29.2	38.8	2.0	39.0
90	29.344031867602542	36.0	28.0	38.0	2.0	39.0
>>END_MODULE
>>Per sequence quality scores	pass
#Quality	Count
2	262192.0
3	27343.0
4	33949.0
5	50529.0
6	51564.0
7	58681.0
8	61779.0
9	68875.0
10	70452.0
11	80348.0
12	85558.0
13	97130.0
14	98944.0
15	109531.0
16	110302.0
17	123473.0
18	129611.0
19	147572.0
20	161820.0
21	188448.0
22	214326.0
23	250961.0
24	284675.0
25	331410.0
26	374507.0
27	434387.0
28	498676.0
29	582745.0
30	680177.0
31	805585.0
32	971249.0
33	1230817.0
34	1625800.0
35	2283849.0
36	3470714.0
37	6097619.0
38	1.353597E7
39	10145.0
>>END_MODULE
>>Per base sequence content	pass
#Base	G	A	T	C
1	19.92509375601815	28.68293588493555	29.36798129267159	22.023989066374707
2	21.730126625248953	29.489165923124915	26.724926647528562	22.055780804097562
3	22.359472135448456	27.91071996573038	27.281403226108132	22.448404672713036
4	22.639578670811375	26.65244153143828	27.85749198728398	22.850487810466365
5	22.428647888703885	27.373758931413345	28.32995844389598	21.86763473598679
6	22.78779163790853	27.76108305284018	26.83136743520403	22.61975787404726
7	22.668414478678116	27.63066543929264	27.721804688314645	21.979115393714604
8	22.1849046902067	28.047003722345345	27.75954642942716	22.00854515802079
9	21.896791693215675	27.751264661492325	28.07231928915655	22.279624356135447
10-14	21.839991988306696	27.88636120488311	28.14130425063998	22.13234255617021
15-19	21.839317954790534	27.738637116283893	28.223848935069064	22.198195993856512
20-24	21.96521091220408	27.662567992805904	28.07771571119575	22.29450538379427
25-29	22.07965459273076	27.718061175153974	27.91790080858284	22.284383423532425
30-34	22.200010574257316	27.704499777175677	27.8113263575387	22.284163291028303
35-39	22.245110963129004	27.711606037051585	27.759688226683632	22.28359477313578
40-44	22.320455123035075	27.752374827140187	27.692543816267186	22.23462623355756
45-49	22.422563952222813	27.751831792434107	27.586735266410123	22.238868988932957
50-54	22.533257759392434	27.804699955250385	27.507534257855937	22.154508027501244
55-59	22.717299552690765	27.862224230630765	27.365213782321714	22.055262434356756
60-64	22.949425318275164	27.875371393609587	27.194271053235813	21.980932234879432
65-69	23.257396090494023	27.915785044637914	26.996871687074204	21.829947177793855
70-74	23.64089282560422	27.96241457193971	26.772807173405017	21.623885429051057
75-79	24.081887587907687	27.983013537222984	26.532649657020034	21.402449217849302
80-84	24.4878179709095	27.97812368959307	26.3375209932918	21.196537346205627
85-89	24.928735437590195	27.930566380000077	26.120523404394945	21.02017477801478
90	25.219631726318113	27.847318826072197	25.975260194582688	20.957789253027002
>>END_MODULE
>>Per base GC content	pass
#Base	%GC
1	41.94908282239286
2	43.78590742934652
3	44.80787680816149
4	45.49006648127774
5	44.296282624690676
6	45.40754951195579
7	44.64752987239272
8	44.193449848227495
9	44.176416049351126
10-14	43.97233454447691
15-19	44.037513948647046
20-24	44.259716295998345
25-29	44.36403801626318
30-34	44.48417386528562
35-39	44.52870573626478
40-44	44.55508135659264
45-49	44.66143294115577
50-54	44.68776578689368
55-59	44.772561987047524
60-64	44.93035755315459
65-69	45.087343268287874
70-74	45.264778254655276
75-79	45.48433680575699
80-84	45.68435531711513
85-89	45.948910215604975
90	46.177420979345115
>>END_MODULE
>>Per sequence GC content	warn
#GC Content	Count
0	22058.0
1	11882.0
2	1515.0
3	1277.5
4	1196.0
5	1186.0
6	1179.0
7	1103.0
8	1010.0
9	986.5
10	1012.0
11	1031.0
12	1149.5
13	1445.0
14	2117.5
15	3582.0
16	6441.0
17	11694.0
18	21015.5
19	35729.5
20	44504.0
21	57744.0
22	88475.5
23	128688.5
24	179725.0
25	241531.5
26	314259.5
27	397018.0
28	487576.0
29	584554.0
30	634496.0
31	686181.5
32	791149.0
33	900972.0
34	1014969.5
35	1124064.5
36	1225625.0
37	1316647.0
38	1390915.5
39	1443267.5
40	1462451.0
41	1468775.0
42	1470669.0
43	1452723.0
44	1422216.0
45	1385488.5
46	1343688.5
47	1293632.5
48	1238807.5
49	1181972.0
50	1151969.0
51	1122609.0
52	1066238.0
53	1012952.5
54	961690.5
55	910319.0
56	852714.5
57	785954.5
58	711460.0
59	630752.5
60	589000.0
61	547208.0
62	467200.0
63	391923.5
64	323518.0
65	263910.0
66	211744.0
67	167291.5
68	129716.5
69	98964.5
70	85238.0
71	74978.0
72	56684.0
73	42273.0
74	31310.0
75	23435.0
76	17661.0
77	13290.5
78	9958.0
79	7512.5
80	6514.0
81	5699.5
82	4318.5
83	3246.0
84	2374.5
85	1667.5
86	1154.0
87	793.0
88	501.5
89	320.0
90	241.0
91	186.5
92	110.0
93	67.5
94	38.0
95	23.5
96	14.0
97	8.0
98	6.5
99	7.5
100	8.0
>>END_MODULE
>>Per base N content	pass
#Base	N-Count
1	1.1121203063841782
2	0.1282599521205047
3	0.11476760232765303
4	0.12241429423848653
5	0.11149044865158152
6	0.08990044819418049
7	0.07459866141436966
8	0.06253481450595942
9	0.06717884937341802
10-14	0.06683712907557124
15-19	0.07742989811161162
20-24	0.09030603097391994
25-29	0.11040870783987312
30-34	0.10571649601239022
35-39	0.11048097327990958
40-44	0.10437762468148237
45-49	0.09278210264028507
50-54	0.10127357194317259
55-59	0.11600675855525475
60-64	0.12020207545783589
65-69	0.10272560311041658
70-74	0.09051330394146634
75-79	0.0930369923706462
80-84	0.11760948277187708
85-89	0.17497983920267357
90	0.21844610089157349
>>END_MODULE
>>Sequence Length Distribution	pass
#Length	Count
90	3.5701713E7
>>END_MODULE
>>Sequence Duplication Levels	warn
#Total Duplicate Percentage	38.73132356533573
#Duplication Level	Relative count
1	100.0
2	39.681196449058966
3	12.482810809051482
4	4.519231551624531
5	1.9927256157595385
6	1.0813933619209581
7	0.6737349162306647
8	0.4703125381416959
9	0.32140735738057075
10++	1.5150898720066397
>>END_MODULE
>>Overrepresented sequences	pass
>>END_MODULE
>>Kmer Content	warn
#Sequence	Count	Obs/Exp Overall	Obs/Exp Max	Max Obs/Exp Position
GGAAG	8648185	3.0732803	6.185082	85-86
GAAGA	9565615	2.7839584	5.387874	85-86
AAGAG	9089345	2.6453454	6.7024302	85-86
GGGGG	4719750	2.50064	5.0563164	85-86
AGAGC	6325370	2.3322272	5.322661	85-86
AGATC	7202730	2.2094498	5.9999895	85-86
GAGCG	3527905	1.5882881	5.3056364	85-86
GCGTC	2966170	1.407491	5.0742736	85-86
>>END_MODULE
