##FastQC	0.10.1
>>Basic Statistics	pass
#Measure	Value	
Filename	Ot729_index7_Exome_Sergio.Pena_RDNP_07262011-reads1-110716_I123_FCC043NABXX_L2_index7_1.fastq	
File type	Conventional base calls	
Encoding	Illumina 1.5	
Total Sequences	35701713	
Filtered Sequences	0	
Sequence length	90	
%GC	44	
>>END_MODULE
>>Per base sequence quality	pass
#Base	Mean	Median	Lower Quartile	Upper Quartile	10th Percentile	90th Percentile
1	37.84697118034644	39.0	38.0	39.0	35.0	39.0
2	37.65113133367018	39.0	38.0	39.0	35.0	39.0
3	37.62755829111057	39.0	38.0	39.0	35.0	39.0
4	37.38556175161679	39.0	38.0	39.0	35.0	39.0
5	37.52990322901313	39.0	37.0	39.0	35.0	39.0
6	37.59242975260039	39.0	37.0	39.0	35.0	39.0
7	37.54811479213897	39.0	37.0	39.0	35.0	39.0
8	37.52254319001444	39.0	37.0	39.0	35.0	39.0
9	37.49815436026837	39.0	37.0	39.0	35.0	39.0
10-14	37.45463588819954	39.0	37.0	39.0	34.8	39.0
15-19	37.30825776343001	39.0	37.0	39.0	34.0	39.0
20-24	37.08076948016471	39.0	37.0	39.0	33.4	39.0
25-29	36.730001442787916	38.4	36.4	39.0	33.0	39.0
30-34	36.28948367827617	38.0	36.0	39.0	31.4	39.0
35-39	36.342246087743746	38.2	36.0	39.0	32.0	39.0
40-44	36.14328625632053	38.0	36.0	39.0	31.4	39.0
45-49	35.77367093842248	38.0	35.8	39.0	30.4	39.0
50-54	35.30221518502488	37.4	35.0	39.0	29.4	39.0
55-59	34.80574043043817	37.0	34.6	39.0	28.0	39.0
60-64	34.177703260344956	37.0	33.8	39.0	26.4	39.0
65-69	33.46897016958262	36.8	33.0	39.0	24.2	39.0
70-74	32.31741313364992	36.0	31.6	37.6	20.8	39.0
75-79	32.599574989581036	36.8	32.6	38.0	20.4	39.0
80-84	32.868141066508485	37.0	33.2	38.8	18.8	39.0
85-89	31.955378264342663	37.0	32.4	39.0	4.2	39.0
90	31.26102332960886	37.0	31.0	39.0	2.0	39.0
>>END_MODULE
>>Per sequence quality scores	pass
#Quality	Count
2	6436.0
3	1997.0
4	3413.0
5	6308.0
6	9692.0
7	15457.0
8	25622.0
9	35227.0
10	44661.0
11	52601.0
12	57833.0
13	68614.0
14	73358.0
15	87356.0
16	95638.0
17	112592.0
18	123438.0
19	143464.0
20	156030.0
21	178080.0
22	195423.0
23	223754.0
24	250872.0
25	293184.0
26	337636.0
27	401067.0
28	476201.0
29	577441.0
30	702929.0
31	874530.0
32	1101721.0
33	1427642.0
34	1910710.0
35	2684516.0
36	3976355.0
37	6699162.0
38	1.2268219E7
39	2534.0
>>END_MODULE
>>Per base sequence content	pass
#Base	G	A	T	C
1	20.57486709391227	29.244790018899092	29.15100740404249	21.029335483146145
2	21.833369732147027	28.788094845757122	28.00909300906654	21.36944241302931
3	21.61699355994487	27.709087796431504	28.631217219184972	22.042701424438654
4	22.721868430335306	27.17635700200633	28.202418937877205	21.899355629781162
5	22.36082061384562	27.750265092322042	28.318461918059786	21.570452375772557
6	22.548584713568225	27.883583625245095	27.16679729065101	22.401034370535665
7	22.037604882748173	27.816754316495196	28.135211220896	22.01042957986063
8	21.81312650779786	27.801204400809027	28.212071615104445	22.173597476288666
9	21.606703219830965	27.641415038038197	28.365392560716046	22.38648918141479
10-14	21.58201401236125	27.872818105695657	28.37450298284937	22.17066489909372
15-19	21.5211941997895	27.73044615295639	28.487118567022634	22.26124108023147
20-24	21.655320012235826	27.639969544318504	28.351998684208795	22.352711759236872
25-29	21.835109807482336	27.66648690870866	28.19265832945653	22.30574495435247
30-34	21.977021102600876	27.63065010353985	28.07527414720969	22.317054646649588
35-39	22.022597740483643	27.631676252154975	28.033015560514734	22.31271044684665
40-44	22.09917031512976	27.66379727199318	27.942251242291	22.294781170586063
45-49	22.189837642023917	27.679135278415153	27.826685974395183	22.304341105165747
50-54	22.291761796566472	27.735037826601346	27.692659919361535	22.28054045747065
55-59	22.41543934923905	27.800307167342563	27.52396187611395	22.260291607304435
60-64	22.54477315273194	27.86031291513772	27.29770174840866	22.29721218372169
65-69	22.657236910265315	27.933386089417038	27.04698673930142	22.362390261016227
70-74	22.791155738181732	28.016422328368407	26.769417829469937	22.42300410397992
75-79	22.825042040638216	28.101782443288105	26.54617127124983	22.527004244823846
80-84	22.86763113314652	28.175541152165064	26.285019262927484	22.67180845176093
85-89	22.886937794200172	28.194090452713517	26.0444837817417	22.87448797134461
90	22.89389587552844	28.15400482324196	25.877833929145083	23.074265372084525
>>END_MODULE
>>Per base GC content	pass
#Base	%GC
1	41.604202577058416
2	43.20281214517634
3	43.65969498438352
4	44.62122406011647
5	43.93127298961817
6	44.949619084103894
7	44.048034462608804
8	43.98672398408653
9	43.99319240124576
10-14	43.75267891145497
15-19	43.78243528002098
20-24	44.0080317714727
25-29	44.1408547618348
30-34	44.29407574925046
35-39	44.33530818733029
40-44	44.393951485715824
45-49	44.494178747189665
50-54	44.57230225403712
55-59	44.67573095654348
60-64	44.841985336453625
65-69	45.01962717128154
70-74	45.21415984216165
75-79	45.35204628546206
80-84	45.539439584907456
85-89	45.761425765544786
90	45.96816124761297
>>END_MODULE
>>Per sequence GC content	warn
#GC Content	Count
0	2.0
1	3.0
2	5.5
3	8.0
4	15.0
5	18.5
6	33.0
7	55.5
8	80.0
9	126.5
10	154.0
11	215.5
12	399.5
13	733.5
14	1486.0
15	2977.0
16	5923.5
17	11453.0
18	20734.5
19	35391.0
20	44299.0
21	57404.0
22	88377.5
23	129008.0
24	179677.5
25	241558.5
26	315934.5
27	400222.0
28	492797.0
29	592567.0
30	643647.0
31	698564.5
32	808238.0
33	922183.0
34	1039034.5
35	1151608.5
36	1257138.5
37	1349190.0
38	1421950.0
39	1471421.0
40	1489565.0
41	1492831.0
42	1487625.5
43	1465521.0
44	1432031.0
45	1389447.0
46	1341694.0
47	1288145.0
48	1232685.0
49	1174750.5
50	1143753.0
51	1112930.5
52	1054047.5
53	1000988.0
54	950527.0
55	897010.5
56	838052.0
57	771795.0
58	697143.5
59	616603.5
60	575362.0
61	532925.5
62	451528.5
63	377594.5
64	311134.0
65	251738.5
66	200619.5
67	157667.5
68	121488.5
69	92165.0
70	79279.0
71	69131.0
72	51217.5
73	37648.5
74	27844.5
75	20740.5
76	15361.5
77	11460.0
78	8588.5
79	6322.5
80	5302.0
81	4661.0
82	3516.0
83	2597.0
84	1867.0
85	1276.0
86	849.0
87	565.5
88	353.0
89	217.0
90	161.0
91	123.0
92	65.5
93	36.0
94	23.0
95	14.0
96	7.0
97	4.5
98	1.5
99	0.0
100	0.0
>>END_MODULE
>>Per base N content	pass
#Base	N-Count
1	0.0
2	0.0
3	0.0
4	0.8772856361261994
5	0.0
6	0.0
7	5.013765025784617E-4
8	0.0017954320567195193
9	0.00285420478283493
10-14	4.99695910949707E-4
15-19	5.041774886263861E-6
20-24	0.0
25-29	5.601972095848734E-6
30-34	0.0
35-39	5.601972095848734E-6
40-44	3.753321304218652E-5
45-49	2.3920420849274094E-4
50-54	2.56570321989872E-4
55-59	2.800986047924367E-6
60-64	0.0017046801087667698
65-69	0.0057991615136226094
70-74	4.8681137512925505E-4
75-79	1.8654567079176283E-4
80-84	7.39460316652033E-5
85-89	5.601972095848734E-7
90	0.0
>>END_MODULE
>>Sequence Length Distribution	pass
#Length	Count
90	3.5701713E7
>>END_MODULE
>>Sequence Duplication Levels	warn
#Total Duplicate Percentage	39.78776666300976
#Duplication Level	Relative count
1	100.0
2	41.16823745714144
3	13.205406390273797
4	4.8216918158779585
5	2.123465787686549
6	1.1089394265648551
7	0.7122389147466582
8	0.4869726533384129
9	0.3569476421579183
10++	1.6530568300399184
>>END_MODULE
>>Overrepresented sequences	pass
>>END_MODULE
>>Kmer Content	warn
#Sequence	Count	Obs/Exp Overall	Obs/Exp Max	Max Obs/Exp Position
GGAAG	8514515	3.2563605	6.5438075	85-86
GAAGA	9401140	2.869824	5.542641	85-86
CACAC	6730780	2.537446	5.2879887	85-86
AAGAG	7930915	2.4210181	5.006792	85-86
AGAGC	6299015	2.3975341	5.5001173	85-86
GAGCA	6167500	2.3474767	5.3770113	85-86
AGATC	7136140	2.1888363	5.8784747	85-86
GCACA	5742115	2.175122	5.062238	85-86
AGCAC	5710340	2.1630857	5.0892653	85-86
GATCG	4445870	1.7084585	5.1690617	85-86
CGGAA	4346560	1.6543899	5.0341954	85-86
ATCGG	4251230	1.6336623	5.101755	85-86
TCGGA	4235750	1.6277139	5.0377526	85-86
>>END_MODULE
